0.02257240465106566
0.022978932779109576
0.021696660660320537
0.017970972947561628
0.07433589902255569
0.013839415805502069
0.057355286663894785
0.0
0.014463453574606478
0.046645852100686946
0.04413671977319519
0.06915281539311818
0.027358556093524108
0.03862443682153508
0.04037127483787564
0.0647479044077235
0.02691449552732028
0.041630107902381926
0.03985247065114558
0.04768659306384177
0.02421309679243762
0.03277912927737342
0.03391282490143005
0.037248160840364176
0.02310161001827306
0.02956636748344672
0.017709404029383004
0.01709331966228266
0.015048086075641608
0.016806095423749577
0.020187652818653486
0.017510366496367027
0.023635860705362943
0.024285941042791984
0.027252025726623927
0.0344093551466479
0.030003744988295056
0.020523532932996167
0.0
0.023753520414207762
0.016590893356587953
0.031195886090724843
0.05076954070358488
0.03529302974509167
0.03313148068342495
0.033649002736659966
0.05097790866894028
0.04231012291961009
0.025540865257546366
0.03672109093488495
0.0631766398255993
0.05398581828681636
0.03441541004564442
0.03231323212753531
0.062149376523184086
0.05110591659973845
0.032515424865057846
0.019456015602663267
0.03097164516414149
0.029980632616584516
0.015929886768553395
0.016445833024132814
0.01609275856358759
0.025852280082176295
0.025389708514905053
0.02341221922189247
0.02437103842004865
0.04921093029780446
0.015458745465995564
0.0
0.02606268167603142
0.014473461133108856
0.01904599812222917
0.031706207752192066
0.029233819757995848
0.019394078052484307
0.028828606853147556
0.04048381611693423
0.04554762807014747
0.02564721805450799
0.03260437705261632
0.06942052141308229
0.05485359523787134
0.028830139501867465
0.029321650546644897
0.07044439847574267
0.07638284149743829
0.03617666002495667
0.019157826596862007
0.03596680399278979
0.04187492432085197
0.01667155464493291
0.0280835105391544
0.013707354972825391
0.021164688101815276
0.02244090329381759
0.01934936565498224
0.01697535038036467
0.08986995780067604
0.006583202401195659
0.0
0.025871389627337947
0.0049046490999868535
0.013675660140169625
0.014875404084227817
0.03034203066497526
0.011408549627095053
0.018205807732720986
0.02103427833045993
0.05978302965679834
0.02396547292901349
0.022935420100659673
0.049466281268679226
0.05789081077549349
0.03334189726540879
0.029803922578892524
0.07400186857333745
0.1084647356891423
0.019120993451167665
0.0230751387068599
0.049723903002921094
0.06650296524017343
0.01803256931963
0.033482399529172306
0.007151097543599125
0.039617954007430116
0.042993338935508996
0.02294385583646513
0.007367244785905813
0.0819490604562684
0.005752971636911234
0.0
0.01935407075874622
0.0033901661635360376
0.0067967850969261855
0.006902149691068177
0.03535899525697548
0.006606602905755166
0.011803164818714533
0.01214814542575125
0.053733629835084916
0.01659396297200477
0.022610312386681642
0.039086429408476224
0.06950445412785083
0.018757166704041275
0.05558704510209513
0.04609733402821182
0.08950217908869156
0.030375233624692178
0.02425934037869454
0.046617121444891677
0.12045693002609811
0.018072768700095512
0.029519579761918883
0.0035697437347540343
0.06868090738094693
0.055714322395079736
0.016275871929128227
0.005118527599502334
0.023453699916270263
0.002774588776860061
0.0
0.005142239082878661
0.0026389207036472103
0.004729397454213985
0.010332968905864933
0.0181401520639195
0.007521878338844449
0.005221493646047143
0.011162532596593756
0.009398658340383658
0.002169465216036792
0.014214228764553303
0.013642753213329155
0.04161117984013591
0.00790634140316632
0.02780393152874436
0.03894600830053601
0.0949760409324977
0.0714248055947106
0.038438786089731176
0.04571027769649629
0.13482201194772073
0.07173428813641353
0.01945125119826601
